794
1923
9027
9473
3096
7803
9505
5398
4882
2463
9655
797
7219
8163
2168
6654
6042
2363
4880
8911
9332
3327
132
3877
7042
9747
1847
6235
9150
7252
3488
9604
148
1486
1940
2993
5818
5387
6696
4971
9819
546
1600
5906
3769
280
9362
8172
3283
6015
3055
9181
4607
9485
8995
5991
6978
5186
3627
4152
4087
1158
7802
8859
386
1064
1899
7539
5270
3909
3013
8322
4118
2546
4603
6820
1434
6057
1329
7421
6488
1127
4060
362
1679
9841
3732
5131
927
2404
1223
5629
1432
8812
5675
2477
6095
8890
672
3628
9264
8629
2911
4887
8479
2910
9940
5939
7907
8995
343
1033
2402
5489
439
3812
3603
2687
4366
8185
3397
9627
4621
6283
2488
8109
719
4348
4104
8854
4694
2226
3158
4447
7942
1053
1445
7845
5318
2949
8737
1276
2425
3448
3912
9519
8597
3362
2592
6049
5350
6074
415
6331
9302
6459
9543
402
5035
9880
1330
7600
4722
823
5677
5872
9274
5927
1630
6393
2272
5722
2763
5182
9571
2074
6633
1850
9401
5775
8641
4154
3804
7733
1629
1523
8161
5695
9691
8882
6258
7552
5354
4087
2549
1077
8493
2382
531
3528
9832
5224
1610
688
6783
688
419
980
2424
1949
154
1868
4961
9497
9621
8978
5397
3200
1600
1023
2154
3598
5100
8380
8329
5184
9295
6474
9550
3140
8231
7410
9671
9795
8830
7938
6958
2251
4522
7427
5099
2012
5982
7449
6830
4003
192
2169
4142
2715
6166
5512
7750
6659
6569
9804
1384
674
3865
3916
8330
6893
7801
5492
8455
8285
8324
9895
8772
6744
5652
8374
7411
4568
1451
7247
8842
8590
4723
2913
3204
1822
7509
8765
9599
7254
5352
4704
9448
9190
5278
4053
4316
321
7906
6028
9722
9690
3364
9864
2121
3356
2358
4380
1591
5868
3626
1048
8904
9552
6662
1092
8676
7637
8030
7257
4626
1712
4704
7582
4370
6892
1270
3337
3690
8233
5720
860
6678
2982
6968
2519
7990
392
4007
2584
6829
6745
9699
5088
179
4272
4000
2236
643
3540
4143
5452
7295
7099
8483
6129
9109
5667
5843
7476
7181
1925
8192
8844
2304
4828
9492
8637
2696
8046
3646
9544
8606
7862
5300
8687
8807
4516
9678
603
781
5784
2932
5324
2250
491
6735
7179
4991
6163
7696
1021
7709
725
6070
3562
9337
3305
4940
7922
1960
1607
2136
2681
4581
9664
9188
6580
7579
8681
3210
8356
8408
5639
6044
6247
6975
9251
4464
7929
7878
1353
8914
2855
982
8722
8082
6683
5813
1599
226
5290
4791
7811
5219
951
2044
6266
4596
7526
9504
7401
8901
3201
7753
3251
1284
5002
6580
791
5740
3594
876
2250
8002
4491
8386
9565
4080
5973
4598
7605
9619
9260
3248
5264
1783
5350
1849
5567
8423
3485
9883
2244
6923
9692
8741
659
8194
9837
1027
741
8136
352
2648
2313
605
8869
1872
8376
1739
2876
4205
3703
9605
3510
8797
5283
9975
1953
2510
2542
7821
8148
2454
4085
4620
2336
9405
5291
8028
5145
5674
390
7866
3167
6637
9179
2849
8885
4903
7410
6380
6360
280
2465
8299
4460
157
8498
7989
199
4940
7093
3123
7571
2576
171
7916
164
7017
9563
9765
2738
551
6357
3254
5251
7038
5925
4235
4603
3585
3278
6904
6582
2639
2952
4632
2524
651
8052
2591
2342
4479
229
9422
5683
6596
6733
5567
8486
2963
2645
8172
6929
4164
1423
7245
7509
5827
2305
1653
9483
5890
9913
896
6931
7135
2941
8982
7353
8541
2735
3292
553
9452
8489
1254
8209
9888
5818
8123
3731
1658
788
6863
7259
5695
6516
6481
8018
9043
1318
5723
6304
9909
6228
6196
554
9347
6596
7216
3726
5901
3152
2509
4040
6933
3054
7244
3137
3651
1050
2475
8432
8942
6132
5712
8553
9803
3752
949
5554
1877
1005
493
9498
4173
7149
8321
326
3227
915
194
9285
7038
7711
6812
8360
7702
6661
3981
1633
7409
137
5302
4259
9156
6476
7081
8234
9507
5972
8155
318
8987
5629
2043
5887
5932
5210
4308
3832
9124
5965
8742
6838
7604
6324
9131
2010
4717
6972
9615
3507
3925
8626
5696
6840
6663
6137
1782
7264
7623
5162
9337
222
2202
1892
8634
5411
8453
7984
9501
8983
3540
599
8008
9454
1187
6865
5015
4394
2912
6733
8660
9751
509
6356
8932
8984
4311
4402
2732
7820
4809
1054
7912
9609
1324
1307
5850
9644
4512
8738
951
4279
7068
355
177
4486
7952
1691
9437
9983
5940
2346
4807
671
8745
2279
2247
6718
4874
1841
9072
2414
3107
2271
1713
1896
5219
2949
9415
6120
721
7365
5774
4019
7001
8570
5160
4038
4244
6077
1399
397
4548
2950
8106
7139
2307
528
709
2803
5223
1273
4352
3655
2014
131
1824
4040
2176
8238
9908
9956
7110
1292
364
7640
5564
7075
1948
1599
7379
8618
1600
6762
1766
677
5959
6683
2052
1640
5786
368
2429
3493
1825
4816
2372
6677
5912
4009
9155
1247
5508
7683
9989
2326
4222
3954
6497
7076
5436
8360
8325
4458
5730
7951
6472
6374
1808
1216
1190
3283
4658
2399
433
5144
4408
4141
2696
366
395
1638
441
6856
9919
3896
819
579
9876
8943
1659
8498
316
2011
8811
8920
3088
5300
3515
3178
1011
9082
3851
2785
9841
3065
4800
2615
5710
3837
5653
6700
1089
4094
5716
9553
1798
1402
5586
9453
6205
6276
6796
1626
7921
3673
4995
2347
5123
5790
5612
1306
3570
4175
7757
4064
9021
7190
6390
5117
2361
4659
2832
5134
4024
787
6068
7974
6175
2266
3498
370
4739
828
7257
854
5227
8657
673
6526
1278
100
1275
913
1505
6371
6384
5790
9006
713
8724
1399
8265
8718
3925
8340
3649
5041
5839
6840
8226
7847
8109
4944
4028
1146
2736
6436
1056
2021
5382
2201
910
7781
526
5804
5481
591
9541
6872
4864
9924
2495
5803
9728
6445
378
5009
1166
7117
5921
6180
2433
7738
6830
8964
2072
9537
